State,2,1,5,60,4,6,8,9,11,10,12,64,13,66,19,16,17,18,20,21,22,25,24,23,68,26,27,29,69,28,30,37,38,31,33,34,35,32,36,39,40,41,42,72,70,44,45,46,47,48,49,51,50,53,55,54,56,57
2,245092,-41,1,0,-41,255,27,9,-27,3,150,0,-39,0,12,-4,9,32,15,-5,-25,30,-13,16,0,130,142,-5,0,35,34,-14,34,45,31,21,-17,-31,61,54,-28,-191,46,0,0,5,73,-6,-31,-141,39,-76,6,-364,82,10,-36,-61
1,41,1632467,-41,0,6,383,-91,65,-63,20,1515,0,306,0,62,-12,245,242,-32,94,-105,9,141,14,0,584,58,41,0,367,11,-40,-2,11,14,115,28,69,198,314,-40,7,68,0,0,10,41,-6,84,-434,34,167,15,-33,70,-10,-23,751
5,-1,41,968501,0,98,642,-53,20,-10,-1,255,0,124,0,12,35,364,108,90,66,-17,-1,19,32,0,237,88,158,0,220,8,13,0,29,27,69,5,87,9,98,-306,4,94,0,0,23,14,8,148,-483,13,32,14,34,117,-21,16,480
60,0,0,0,0,0,0,0,0,0,0,0,0,0,0,0,0,0,0,0,0,0,0,0,0,0,0,0,0,0,0,0,0,0,0,0,0,0,0,0,0,0,0,0,0,0,0,0,0,0,0,0,0,0,0,0,0,0,0
4,41,-6,-98,0,2080423,1852,-839,191,-67,15,669,0,-52,0,170,23,1275,455,-34,-61,-101,150,78,103,0,2208,579,158,0,32,-39,-240,28,0,133,427,-558,270,668,1088,-239,-197,515,0,0,48,-84,54,-70,-2198,-161,-31,15,127,652,4,-33,1160
6,-255,-383,-642,0,-1852,12707337,-2653,513,-273,62,2076,0,-592,0,-441,-1280,1761,176,-239,-96,-582,1145,191,166,0,2005,756,-141,0,72,-482,-1171,-37,-329,220,1299,-978,-2059,834,865,-1255,-4168,1151,0,0,172,-307,-196,-937,-8853,-1279,-351,59,-4072,460,25,-395,12880
8,-27,91,53,0,839,2653,1773000,183,-64,28,1178,0,494,0,387,139,1138,338,316,68,13,209,160,116,0,1379,729,335,0,-34,68,209,62,233,127,437,194,453,513,793,-125,1,542,0,0,59,58,52,150,-610,171,439,125,-215,635,23,275,840
9,-9,-65,-20,0,-191,-513,-183,1360079,-165,-22,-1450,0,-342,0,-170,5,-28,11,-16,-23,-47,-1155,-182,-185,0,184,29,-7,0,-22,-5,-961,0,-16,-113,23,-26,-37,1663,55,-34,-50,-87,0,0,-47,-409,-12,-148,-477,-42,-346,-95,-199,-40,-23,-28,1035
11,27,63,10,0,67,273,64,165,215623,16,249,0,218,0,47,13,200,67,29,52,37,346,-704,39,0,209,98,99,0,41,6,146,10,29,39,267,17,11,272,266,38,29,366,0,0,36,71,9,75,116,12,338,50,45,93,-3,6,886
10,-3,-20,1,0,-15,-62,-28,22,-16,333759,-144,0,-103,0,-24,1,-21,7,-12,-5,-31,-17,535,5,0,49,9,-24,0,-18,-5,-135,-5,-1,6,676,-21,0,224,26,16,-18,447,0,0,4,-66,-4,-40,-83,2,-40,4,-4,-13,-4,-2,133
12,-150,-1515,-255,0,-669,-2076,-1178,1450,-249,144,6890522,0,-4958,0,-34,-20,920,609,-143,-627,-1216,506,420,591,0,3165,434,112,0,-392,-79,-4572,-54,-143,504,3241,-311,-189,3745,2342,-615,-406,1253,0,0,689,-1873,-35,-2970,-7225,-153,-927,129,-808,780,-264,-131,3348
64,0,0,0,0,0,0,0,0,0,0,0,0,0,0,0,0,0,0,0,0,0,0,0,0,0,0,0,0,0,0,0,0,0,0,0,0,0,0,0,0,0,0,0,0,0,0,0,0,0,0,0,0,0,0,0,0,0,0
13,39,-306,-124,0,52,592,-494,342,-218,103,4958,0,3233717,0,3,-2,779,325,25,-50,-902,67,332,111,0,1726,143,129,0,96,-45,-324,15,-25,102,1107,-75,14,1786,959,-163,-100,727,0,0,87,-420,5,-381,-1834,-18,-119,15,-299,231,-48,-80,33057
66,0,0,0,0,0,0,0,0,0,0,0,0,0,0,0,0,0,0,0,0,0,0,0,0,0,0,0,0,0,0,0,0,0,0,0,0,0,0,0,0,0,0,0,0,0,0,0,0,0,0,0,0,0,0,0,0,0,0
19,-12,-62,-12,0,-170,441,-387,170,-47,24,34,0,-3,0,1156074,-18,704,145,-108,20,-44,25,-43,-8,0,264,-138,-370,0,35,-15,-75,10,-316,14,174,-39,20,-18,83,-138,-47,108,0,0,15,-5,-223,-39,-515,61,-74,7,0,143,0,-40,1611
16,4,12,-35,0,-23,1280,-139,-5,-13,-1,20,0,2,0,18,520719,41,4,-34,-11,-5,-3,-16,13,0,85,-21,-19,0,-3,8,-32,-32,-29,6,10,-16,204,38,12,-54,-21,22,0,0,5,30,-16,-62,-284,-397,-88,17,-379,28,-5,-115,200
17,-9,-245,-364,0,-1275,-1761,-1138,28,-200,21,-920,0,-779,0,-704,-41,4871119,-1255,0,-224,-258,-9,-172,38,0,2757,36,-1393,0,-268,-44,-741,14,-85,17,52,-230,-289,-415,1134,-280,-330,338,0,0,17,-243,-71,-712,-3341,-135,-247,-20,-701,-1226,-22,-65,7038
18,-32,-242,-108,0,-455,-176,-338,-11,-67,-7,-609,0,-325,0,-145,-4,1255,2442713,-137,-90,-145,-66,-72,-10,0,939,-85,-161,0,-60,-26,-454,0,13,7,11,-72,-24,-69,441,-126,-159,-125,0,0,4,-283,-30,-526,-1594,-21,-198,7,-258,-148,-57,-66,1833
20,-15,32,-90,0,34,239,-316,16,-29,12,143,0,-25,0,108,34,0,137,1039162,-35,1,-19,-52,24,0,246,-13,-230,0,-8,20,-6,71,79,4,-20,-135,100,31,77,-441,-73,91,0,0,-3,-89,17,13,-1196,22,-45,19,-177,64,4,-27,725
21,5,-94,-66,0,61,96,-68,23,-52,5,627,0,50,0,-20,11,224,90,35,1506384,-91,8,17,20,0,789,4,0,0,26,11,-2,0,-1,40,111,24,-18,55,1484,-23,-18,76,0,0,13,-64,4,-350,-471,-5,8,19,6,111,112,-26,740
22,25,105,17,0,101,582,-13,47,-37,31,1216,0,902,0,44,5,258,145,-1,91,1511037,49,108,36,0,412,68,95,0,568,10,207,-44,32,14,110,-2,115,176,202,-131,16,150,0,0,39,106,17,139,-818,38,141,-2,89,72,13,3,970
25,-30,-9,1,0,-150,-1145,-209,1155,-346,17,-506,0,-67,0,-25,3,9,66,19,-8,-49,2526004,-93,144,0,420,132,77,0,8,-7,-609,5,13,-45,630,-56,-45,582,248,-27,-138,222,0,0,940,-345,-22,-136,-635,12,-336,94,-231,107,-13,-4,4160
24,13,-141,-19,0,-78,-191,-160,182,704,-535,-420,0,-332,0,43,16,172,72,52,-17,-108,93,2163741,-24,0,654,71,88,0,19,-8,-1119,19,73,-12,913,-8,-29,650,410,-44,-129,-449,0,0,112,-521,-10,-190,-754,6,-2060,-43,-166,47,-876,-23,1708
23,-16,-14,-32,0,-103,-166,-116,185,-39,-5,-591,0,-111,0,8,-13,-38,10,-24,-20,-36,-144,24,514898,0,27,10,-5,0,-35,19,-298,-7,-15,22,104,-32,-25,-66,-11,-20,-53,42,0,0,60,-105,-16,-69,-255,-30,-109,52,-74,-6,-5,-4,79
68,0,0,0,0,0,0,0,0,0,0,0,0,0,0,0,0,0,0,0,0,0,0,0,0,0,0,0,0,0,0,0,0,0,0,0,0,0,0,0,0,0,0,0,0,0,0,0,0,0,0,0,0,0,0,0,0,0,0
26,-130,-584,-237,0,-2208,-2005,-1379,-184,-209,-49,-3165,0,-1726,0,-264,-85,-2757,-939,-246,-789,-412,-420,-654,-27,0,3753886,-431,-460,0,-287,-172,-2238,-64,-108,-18,-253,-204,-657,-987,-779,-351,-436,-583,0,0,-28,-966,-101,-1588,-3756,-179,-1368,-23,-1055,-924,-142,-465,6257
27,-142,-58,-88,0,-579,-756,-729,-29,-98,-9,-434,0,-143,0,138,21,-36,85,13,-4,-68,-132,-71,-10,0,431,2071707,-57,0,-51,-205,-173,-627,12,8,7,-90,-62,38,114,-119,-186,7,0,0,8,-57,-371,-81,-1083,-39,-167,12,-488,1054,1,-136,1986
29,5,-41,-158,0,-158,141,-335,7,-99,24,-112,0,-129,0,370,19,1393,161,230,0,-95,-77,-88,5,0,460,57,2198158,0,28,-33,-208,16,96,15,-27,-28,50,-149,214,-384,-179,72,0,0,-11,-112,-16,-23,-1424,-18,322,5,-191,171,-2,-87,1357
69,0,0,0,0,0,0,0,0,0,0,0,0,0,0,0,0,0,0,0,0,0,0,0,0,0,0,0,0,0,0,0,0,0,0,0,0,0,0,0,0,0,0,0,0,0,0,0,0,0,0,0,0,0,0,0,0,0,0
28,-35,-367,-220,0,-32,-72,34,22,-41,18,392,0,-96,0,-35,3,268,60,8,-26,-568,-8,-19,35,0,287,51,-28,0,983867,-7,-103,4,23,10,30,-49,13,53,94,-93,-35,47,0,0,3,5,2,265,-1038,21,-14,9,-83,77,-9,-18,281
30,-34,-11,-8,0,39,482,-68,5,-6,5,79,0,45,0,15,-8,44,26,-20,-11,-10,7,8,-19,0,172,205,33,0,7,368627,20,-154,15,26,42,-24,63,69,53,-7,-138,54,0,0,7,10,11,-8,-119,-3,13,16,-136,63,-6,-134,106
37,14,40,-13,0,240,1171,-209,961,-146,135,4572,0,324,0,75,32,741,454,6,2,-207,609,1119,298,0,2238,173,208,0,103,-20,3263662,41,73,292,2421,81,144,4262,2119,-105,1,1700,0,0,196,-893,20,-56,-1002,16,1350,205,-113,394,-110,-77,2255
38,-34,2,0,0,-28,37,-62,0,-10,5,54,0,-15,0,-10,32,-14,0,-71,0,44,-5,-19,7,0,64,627,-16,0,-4,154,-41,258096,18,4,-15,-6,-12,9,1,-1,-9,7,0,0,2,-25,31,3,-46,8,-31,3,-17,61,2,59,240
31,-45,-11,-29,0,0,329,-233,16,-29,1,143,0,25,0,316,29,85,-13,-79,1,-32,-13,-73,15,0,108,-12,-96,0,-23,-15,-73,-18,684154,4,35,-21,24,-19,25,-100,-23,53,0,0,6,-36,-85,-25,-589,-21,-66,-1,-47,-26,9,-165,431
33,-31,-14,-27,0,-133,-220,-127,113,-39,-6,-504,0,-102,0,-14,-6,-17,-7,-4,-40,-14,45,12,-22,0,18,-8,-15,0,-10,-26,-292,-4,-4,527531,27,-29,-3,-23,42,-25,-63,-34,0,0,70,-183,2,-48,-185,-35,-200,52,-71,-27,-19,-9,273
34,-21,-115,-69,0,-427,-1299,-437,-23,-267,-676,-3241,0,-1107,0,-174,-10,-52,-11,20,-111,-110,-630,-913,-104,0,253,-7,27,0,-30,-42,-2421,15,-35,-27,3369279,-65,-148,5580,-166,-82,-122,-3397,0,0,-6,-1194,-1,-328,-1296,-75,-1380,-119,-322,-21,-84,-13,1687
35,17,-28,-5,0,558,978,-194,26,-17,21,311,0,75,0,39,16,230,72,135,-24,2,56,8,32,0,204,90,28,0,49,24,-81,6,21,29,65,713850,262,206,134,-121,-50,85,0,0,11,-78,7,24,-1138,35,-38,10,-50,65,14,12,427
32,31,-69,-87,0,-270,2059,-453,37,-11,0,189,0,-14,0,-20,-204,289,24,-100,18,-115,45,29,25,0,657,62,-50,0,-13,-63,-144,12,-24,3,148,-262,957278,234,391,-215,-313,-32,0,0,20,-24,-26,-72,-1267,-575,-58,-23,-634,76,-2,-141,427
36,-61,-198,-9,0,-668,-834,-513,-1663,-272,-224,-3745,0,-1786,0,18,-38,415,69,-31,-55,-176,-582,-650,66,0,987,-38,149,0,-53,-69,-4262,-9,19,23,-5580,-206,-234,7293843,616,-162,-299,-2717,0,0,119,-1521,-4,-584,-1841,-21,-1673,-116,-426,106,-15,-18,7225
39,-54,-314,-98,0,-1088,-865,-793,-55,-266,-26,-2342,0,-959,0,-83,-12,-1134,-441,-77,-1484,-202,-248,-410,11,0,779,-114,-214,0,-94,-53,-2119,-1,-25,-42,166,-134,-391,-616,4513533,-123,-306,-53,0,0,10,-1207,-35,-887,-2106,-24,-774,6,-524,-151,-377,-109,2422
40,28,40,306,0,239,1255,125,34,-38,-16,615,0,163,0,138,54,280,126,441,23,131,27,44,20,0,351,119,384,0,93,7,105,1,100,25,82,121,215,162,123,1236725,28,46,0,0,31,44,51,160,-68,52,-3,16,8,87,-3,21,990
41,191,-7,-4,0,197,4168,-1,50,-29,18,406,0,100,0,47,21,330,159,73,18,-16,138,129,53,0,436,186,179,0,35,138,-1,9,23,63,122,50,313,299,306,-28,1357805,223,0,0,10,-139,16,-44,-61,6,134,76,-1373,257,9,-82,362
42,-46,-68,-94,0,-515,-1151,-542,87,-366,-447,-1253,0,-727,0,-108,-22,-338,125,-91,-76,-150,-222,449,-42,0,583,-7,-72,0,-47,-54,-1700,-7,-53,34,3397,-85,32,2717,53,-46,-223,4962767,0,0,81,-1012,-36,-193,-1082,-3,-1328,-36,-393,-105,89,-84,2870
72,0,0,0,0,0,0,0,0,0,0,0,0,0,0,0,0,0,0,0,0,0,0,0,0,0,0,0,0,0,0,0,0,0,0,0,0,0,0,0,0,0,0,0,0,0,0,0,0,0,0,0,0,0,0,0,0,0,0
70,0,0,0,0,0,0,0,0,0,0,0,0,0,0,0,0,0,0,0,0,0,0,0,0,0,0,0,0,0,0,0,0,0,0,0,0,0,0,0,0,0,0,0,0,0,0,0,0,0,0,0,0,0,0,0,0,0,0
44,-5,-10,-23,0,-48,-172,-59,47,-36,-4,-689,0,-87,0,-15,-5,-17,-4,3,-13,-39,-940,-112,-60,0,28,-8,11,0,-3,-7,-196,-2,-6,-70,6,-11,-20,-119,-10,-31,-10,-81,0,0,407788,-123,-4,-21,-160,-21,-204,-3,-27,16,-7,-2,355
45,-73,-41,-14,0,84,307,-58,409,-71,66,1873,0,420,0,5,-30,243,283,89,64,-106,345,521,105,0,966,57,112,0,-5,-10,893,25,36,183,1194,78,24,1521,1207,-44,139,1012,0,0,123,1588802,19,6,-344,-3,341,72,20,179,112,-20,562
46,6,6,-8,0,-54,196,-52,12,-9,4,35,0,-5,0,223,16,71,30,-17,-4,-17,22,10,16,0,101,371,16,0,-2,-11,-20,-31,85,-2,1,-7,26,4,35,-51,-16,36,0,0,4,-19,309148,-33,-58,13,-9,0,4,60,4,-195,203
47,31,-84,-148,0,70,937,-150,148,-75,40,2970,0,381,0,39,62,712,526,-13,350,-139,136,190,69,0,1588,81,23,0,-265,8,56,-3,25,48,328,-24,72,584,887,-160,44,193,0,0,21,-6,33,2242902,-824,15,297,34,-105,253,-12,-41,823
48,141,434,483,0,2198,8853,610,477,-116,83,7225,0,1834,0,515,284,3341,1594,1196,471,818,635,754,255,0,3756,1083,1424,0,1038,119,1002,46,589,185,1296,1138,1267,1841,2106,68,61,1082,0,0,160,344,58,824,8164269,460,1230,55,389,1184,76,137,10257
49,-39,-34,-13,0,161,1279,-171,42,-12,-2,153,0,18,0,-61,397,135,21,-22,5,-38,-12,-6,30,0,179,39,18,0,-21,3,-16,-8,21,35,75,-35,575,21,24,-52,-6,3,0,0,21,3,-13,-15,-460,865851,-9,35,46,37,-12,-180,902
51,76,-167,-32,0,31,351,-439,346,-338,40,927,0,119,0,74,88,247,198,45,-8,-141,336,2060,109,0,1368,167,-322,0,14,-13,-1350,31,66,200,1380,38,58,1673,774,3,-134,1328,0,0,204,-341,9,-297,-1230,9,2920571,99,-17,227,-195,-23,3447
50,-6,-15,-14,0,-15,-59,-125,95,-50,-4,-129,0,-15,0,-7,-17,20,-7,-19,-19,2,-94,43,-52,0,23,-12,-5,0,-9,-16,-205,-3,1,-52,119,-10,23,116,-6,-16,-76,36,0,0,3,-72,0,-34,-55,-35,-99,257494,-67,2,-1,-4,136
53,364,33,-34,0,-127,4072,215,199,-45,4,808,0,299,0,0,379,701,258,177,-6,-89,231,166,74,0,1055,488,191,0,83,136,113,17,47,71,322,50,634,426,524,-8,1373,393,0,0,27,-20,-4,105,-389,-46,17,67,2467871,255,-3,-19,1682
55,-82,-70,-117,0,-652,-460,-635,40,-93,13,-780,0,-231,0,-143,-28,1226,148,-64,-111,-72,-107,-47,6,0,924,-1054,-171,0,-77,-63,-394,-61,26,27,21,-65,-76,-106,151,-87,-257,105,0,0,-16,-179,-60,-253,-1184,-37,-227,-2,-255,2274814,-4,-85,821
54,-10,10,21,0,-4,-25,-23,23,3,4,264,0,48,0,0,5,22,57,-4,-112,-13,13,876,5,0,142,-1,2,0,9,6,110,-2,-9,19,84,-14,2,15,377,3,-9,-89,0,0,7,-112,-4,12,-76,12,195,1,3,4,648451,5,201
56,36,23,-16,0,33,395,-275,28,-6,2,131,0,80,0,40,115,65,66,27,26,-3,4,23,4,0,465,136,87,0,18,134,77,-59,165,9,13,-12,141,18,109,-21,82,84,0,0,2,20,195,41,-137,180,23,4,19,85,-5,205123,248
57,0,0,0,0,0,0,0,0,0,0,0,0,0,0,0,0,0,0,0,0,0,0,0,0,0,0,0,0,0,0,0,0,0,0,0,0,0,0,0,0,0,0,0,0,0,0,0,0,0,0,0,0,0,0,0,0,0,0
