State,2,1,5,60,4,6,8,9,11,10,12,64,13,66,19,16,17,18,20,21,22,25,24,23,68,26,27,29,69,28,30,37,38,31,33,34,35,32,36,39,40,41,42,72,70,44,45,46,47,48,49,51,50,53,55,54,56,57
2,193237,-9,-29,0,-161,173,-48,31,-1,-11,-62,0,-22,0,-10,-123,27,-21,-2,25,1,8,-14,11,0,-28,56,-54,0,-4,56,44,-7,-23,-28,43,-12,-136,64,48,-14,-256,70,0,0,-7,12,12,-90,-49,-13,-66,15,-600,8,-12,22,195
1,9,1447841,47,0,-75,198,-36,41,-10,34,383,0,586,0,28,-2,422,177,-48,25,235,58,108,17,0,347,42,132,0,72,-6,-339,2,11,25,127,9,-38,391,197,68,-40,267,0,0,6,50,19,-484,-36,14,107,24,-51,77,52,21,258
5,29,-47,829981,0,-13,1059,56,17,-3,-6,-224,0,-273,0,123,-1,641,83,46,-94,258,-3,-12,11,0,51,91,-107,0,15,25,-61,6,29,-5,47,21,-58,85,21,-90,45,33,0,0,1,-22,34,-535,-217,4,22,9,-32,165,31,33,450
60,0,0,0,0,0,0,0,0,0,0,0,0,0,0,0,0,0,0,0,0,0,0,0,0,0,0,0,0,0,0,0,0,0,0,0,0,0,0,0,0,0,0,0,0,0,0,0,0,0,0,0,0,0,0,0,0,0,0
4,161,75,13,0,1422504,4884,35,614,44,78,680,0,89,0,614,15,3395,862,327,44,112,619,456,116,0,1405,1196,346,0,84,332,42,203,649,178,1044,923,-536,2507,1371,24,-126,1396,0,0,103,58,195,14,717,162,369,60,850,1101,62,175,1615
6,-173,-198,-1059,0,-4884,10179399,-3270,1016,340,88,-845,0,-1453,0,18,-1414,2300,-236,-356,-138,-298,2029,832,106,0,668,444,-807,0,-51,-320,-1176,31,-367,190,2107,-331,-11443,4115,1035,-1083,-5421,1909,0,0,47,-195,-47,-869,-3354,-1851,-227,95,-5411,393,-22,-47,9841
8,48,36,-56,0,-35,3270,1365445,338,22,51,650,0,229,0,425,12,1550,328,322,13,234,210,466,71,0,705,672,318,0,-35,-20,96,178,209,109,730,1001,-242,1417,657,-27,-136,822,0,0,71,36,286,36,1864,-47,490,83,-368,719,26,322,922
9,-31,-41,-17,0,-614,-1016,-338,1221385,-99,-28,-3427,0,-906,0,-1,-4,55,11,-32,-60,31,-1497,-240,-235,0,-102,-46,-48,0,13,-39,-1209,0,43,-360,354,-85,-106,2398,-59,-35,-95,-118,0,0,-372,-520,-2,-83,-354,-47,-584,-279,-225,-56,-30,-6,395
11,1,10,3,0,-44,-340,-22,99,196124,6,-115,0,-16,0,36,3,101,45,17,9,7,4,-4346,1,0,74,34,25,0,16,-5,-59,1,13,31,165,-13,-27,12,106,17,-7,220,0,0,10,-37,9,16,4,4,-1256,12,-51,53,-34,5,915
10,11,-34,6,0,-78,-88,-51,28,-6,269268,-407,0,-167,0,-6,-4,-5,-18,-13,-3,-10,-37,632,-10,0,29,-15,-18,0,4,10,-150,3,-6,-12,634,-5,-33,441,36,8,-24,1312,0,0,0,-78,1,-12,-107,-18,-155,-13,-18,-4,-9,2,62
12,62,-383,224,0,-680,845,-650,3427,115,407,5144363,0,-4541,0,432,-35,4171,1968,265,440,665,3534,3049,672,0,3038,904,736,0,-12,291,-3120,132,290,783,8854,109,-666,21632,4439,140,-31,5787,0,0,960,-568,38,-186,-750,8,2631,251,-314,1423,479,49,3999
64,0,0,0,0,0,0,0,0,0,0,0,0,0,0,0,0,0,0,0,0,0,0,0,0,0,0,0,0,0,0,0,0,0,0,0,0,0,0,0,0,0,0,0,0,0,0,0,0,0,0,0,0,0,0,0,0,0,0
13,22,-586,273,0,-89,1453,-229,906,16,167,4541,0,2469466,0,145,-16,1397,591,178,217,613,467,899,52,0,1071,153,325,0,430,-8,181,42,160,118,1695,75,-28,4376,1340,262,-101,1593,0,0,145,811,60,412,1378,-13,1210,45,13,377,145,15,1710
66,0,0,0,0,0,0,0,0,0,0,0,0,0,0,0,0,0,0,0,0,0,0,0,0,0,0,0,0,0,0,0,0,0,0,0,0,0,0,0,0,0,0,0,0,0,0,0,0,0,0,0,0,0,0,0,0,0,0
19,10,-28,-123,0,-614,-18,-425,1,-36,6,-432,0,-145,0,1026970,-38,-335,-126,-324,-44,-2,-61,23,-8,0,-74,-709,-857,0,-54,-10,-129,89,-28,-19,4,-76,-121,-55,-45,-189,-109,41,0,0,4,-59,-56,-159,-585,7,-46,2,-88,-125,-1,42,1165
16,123,2,1,0,-15,1414,-12,4,-3,4,35,0,16,0,38,379299,48,10,2,-5,0,2,29,-6,0,31,25,-41,0,26,244,16,48,54,-5,45,62,-23,31,20,25,119,53,0,0,3,44,211,9,56,-316,25,1,80,21,15,111,332
17,-27,-422,-641,0,-3395,-2300,-1550,-55,-101,5,-4171,0,-1397,0,335,-48,4275987,-2351,-75,-519,-1,21,-72,-35,0,142,-784,-1541,0,-335,-74,-766,39,11,35,211,-311,-1301,173,420,-135,-477,509,0,0,3,-358,-20,-1127,-1924,-120,-252,1,-629,-2480,-13,-15,2375
18,21,-177,-83,0,-862,236,-328,-11,-45,18,-1968,0,-591,0,126,-10,2351,2137834,-54,25,67,-44,-55,28,0,-15,-101,-153,0,50,-6,-362,34,2,-2,67,-33,-177,296,632,-57,-208,220,0,0,-1,-248,31,-690,-522,-36,43,10,-120,-23,99,-26,1670
20,2,48,-46,0,-327,356,-322,32,-17,13,-265,0,-178,0,324,-2,75,54,882998,-34,0,16,31,2,0,-35,-19,-671,0,7,42,-84,59,253,10,29,34,-41,105,55,-298,-32,108,0,0,16,-95,67,-95,-602,-23,-5,12,-207,23,-7,24,659
21,-25,-25,94,0,-44,138,-13,60,-9,3,-440,0,-217,0,44,5,519,-25,34,1298665,43,35,74,1,0,379,25,84,0,35,29,-168,15,18,32,81,28,-48,366,1182,35,-7,289,0,0,5,-95,-7,-877,130,19,70,11,-49,154,178,18,705
22,-1,-235,-258,0,-112,298,-234,-31,-7,10,-665,0,-613,0,2,0,1,-67,0,-43,1395476,40,25,14,0,30,-54,-185,0,-1008,-1,-207,92,-17,-8,57,21,-118,119,-44,-51,-73,104,0,0,10,-128,8,-403,-2988,-40,-73,3,-105,14,37,26,708
25,-8,-58,3,0,-619,-2029,-210,1497,-4,37,-3534,0,-467,0,61,-2,-21,44,-16,-35,-40,2268017,45,-260,0,111,74,13,0,-21,-12,-562,2,47,-2015,829,-84,-201,2487,321,-9,-99,645,0,0,604,-322,13,-140,-223,9,-266,27,-139,113,25,-3,3754
24,14,-108,12,0,-456,-832,-466,240,4346,-632,-3049,0,-899,0,-23,-29,72,55,-31,-74,-25,-45,1850620,-13,0,-10,-73,78,0,-79,-14,-1339,-1,-23,-45,859,-27,-163,1686,-3,-33,-122,669,0,0,39,-658,10,-300,-541,-43,-1891,-26,-295,-28,-565,-10,1681
23,-11,-17,-11,0,-116,-106,-71,235,-1,10,-672,0,-52,0,8,6,35,-28,-2,-1,-14,260,13,449927,0,-17,-6,4,0,-4,13,-205,-4,-2,-243,165,-24,-49,284,-14,-8,-48,91,0,0,38,-92,-4,-46,-107,-8,-12,50,-55,-12,-1,-1,103
68,0,0,0,0,0,0,0,0,0,0,0,0,0,0,0,0,0,0,0,0,0,0,0,0,0,0,0,0,0,0,0,0,0,0,0,0,0,0,0,0,0,0,0,0,0,0,0,0,0,0,0,0,0,0,0,0,0,0
26,28,-347,-51,0,-1405,-668,-705,102,-74,-29,-3038,0,-1071,0,74,-31,-142,15,35,-379,-30,-111,10,17,0,3426692,-351,-201,0,-37,-13,-663,13,9,2,91,-75,-552,234,678,-6,-299,306,0,0,11,-394,32,-1089,-640,-37,32,-14,-551,-456,14,5,2517
27,-56,-42,-91,0,-1196,-444,-672,46,-34,15,-904,0,-153,0,709,-25,784,101,19,-25,54,-74,73,6,0,351,1706813,-112,0,-17,-12,-158,425,138,16,68,-93,-309,51,150,-14,-213,161,0,0,16,-80,155,-66,-354,-81,26,8,-287,679,21,21,1584
29,54,-132,107,0,-346,807,-318,48,-25,18,-736,0,-325,0,857,41,1541,153,671,-84,185,-13,-78,-4,0,201,112,1897113,0,45,63,-51,81,346,-16,109,12,-76,234,190,82,-115,116,0,0,1,-38,49,-208,-353,31,95,8,-8,246,43,38,1112
69,0,0,0,0,0,0,0,0,0,0,0,0,0,0,0,0,0,0,0,0,0,0,0,0,0,0,0,0,0,0,0,0,0,0,0,0,0,0,0,0,0,0,0,0,0,0,0,0,0,0,0,0,0,0,0,0,0,0
28,4,-72,-15,0,-84,51,35,-13,-16,-4,12,0,-430,0,54,-26,335,-50,-7,-35,1008,21,79,4,0,37,17,-45,0,882414,-9,-106,-12,-14,1,52,-30,-75,160,-3,-53,-14,91,0,0,10,-7,23,106,-332,-20,119,-2,26,100,1,-28,235
30,-56,6,-25,0,-332,320,20,39,5,-10,-291,0,8,0,10,-244,74,6,-42,-29,1,12,14,-13,0,13,12,-63,0,9,299209,-25,0,-32,4,41,24,-229,77,60,-34,-207,74,0,0,-5,-15,36,-2,-27,-118,-9,18,-236,44,14,68,71
37,-44,339,61,0,-42,1176,-96,1209,59,150,3120,0,-181,0,129,-16,766,362,84,168,207,562,1339,205,0,663,158,51,0,106,25,2643686,43,76,227,2547,67,-30,7714,1754,72,-10,2842,0,0,193,102,73,-201,171,26,2891,198,-87,265,871,7,1792
38,7,-2,-6,0,-203,-31,-178,0,-1,-3,-132,0,-42,0,-89,-48,-39,-34,-59,-15,-92,-2,1,4,0,-13,-425,-81,0,12,0,-43,229954,-101,0,7,-39,-75,-19,-60,-4,-66,1,0,0,-2,-12,-8,-37,-100,-36,-21,-2,-33,-103,-3,11,93
31,23,-11,-29,0,-649,367,-209,-43,-13,6,-290,0,-160,0,28,-54,-11,-2,-253,-18,17,-47,23,2,0,-9,-138,-346,0,14,32,-76,101,600973,-4,3,-30,-119,41,-19,-50,-68,26,0,0,17,-27,79,-65,-343,-18,0,-11,-92,-44,5,1,383
33,28,-25,5,0,-178,-190,-109,360,-31,12,-783,0,-118,0,19,5,-35,2,-10,-32,8,2015,45,243,0,-2,-16,16,0,-1,-4,-227,0,4,439851,201,-24,-48,588,-13,6,-35,114,0,0,120,-115,8,-63,-29,43,-69,236,-85,18,4,-13,294
34,-43,-127,-47,0,-1044,-2107,-730,-354,-165,-634,-8854,0,-1695,0,-4,-45,-211,-67,-29,-81,-57,-829,-859,-165,0,-91,-68,-109,0,-52,-41,-2547,-7,-3,-201,2936001,-125,-571,9475,-254,23,-151,-847,0,0,-77,-1083,-2,-342,-865,-46,-1951,-176,-297,-47,-56,-26,935
35,12,-9,-21,0,-923,331,-1001,85,13,5,-109,0,-75,0,76,-62,311,33,-34,-28,-21,84,27,24,0,75,93,-12,0,30,-24,-67,39,30,24,125,570256,-422,402,155,-199,-203,177,0,0,19,-26,56,-52,-277,-29,-6,15,-188,79,13,16,173
32,136,38,58,0,536,11443,242,106,27,33,666,0,28,0,121,23,1301,177,41,48,118,201,163,49,0,552,309,76,0,75,229,30,75,119,48,571,422,574212,1703,604,-27,-35,543,0,0,42,13,117,21,519,306,135,7,234,379,18,173,298
36,-64,-391,-85,0,-2507,-4115,-1417,-2398,-12,-441,-21632,0,-4376,0,55,-31,-173,-296,-105,-366,-119,-2487,-1686,-284,0,-234,-51,-234,0,-160,-77,-7714,19,-41,-588,-9475,-402,-1703,6214144,-854,-230,-435,-2400,0,0,-182,-2799,-31,-1044,-2119,-159,-4057,-370,-720,-29,-55,-27,4890
39,-48,-197,-21,0,-1371,-1035,-657,59,-106,-36,-4439,0,-1340,0,45,-20,-420,-632,-55,-1182,44,-321,3,14,0,-678,-150,-190,0,3,-60,-1754,60,19,13,254,-155,-604,854,4278967,-86,-210,1309,0,0,21,-933,1,-1019,-890,-57,-372,-4,-414,-11,560,6,3233
40,14,-68,90,0,-24,1083,27,35,-17,-8,-140,0,-262,0,189,-25,135,57,298,-35,51,9,33,8,0,6,14,-82,0,53,34,-72,4,50,-6,-23,199,27,230,86,1053131,2,63,0,0,21,39,60,-183,-1617,29,58,13,-62,15,25,60,539
41,256,40,-45,0,126,5421,136,95,7,24,31,0,101,0,109,-119,477,208,32,7,73,99,122,48,0,299,213,115,0,14,207,10,66,68,35,151,203,35,435,210,-2,1090729,281,0,0,16,-3,64,43,462,208,210,65,-881,239,1,89,696
42,-70,-267,-33,0,-1396,-1909,-822,118,-220,-1312,-5787,0,-1593,0,-41,-53,-509,-220,-108,-289,-104,-645,-669,-91,0,-306,-161,-116,0,-91,-74,-2842,-1,-26,-114,847,-177,-543,2400,-1309,-63,-281,4425291,0,0,-26,-1278,16,-621,-1116,-154,-2043,-91,-420,-101,-85,-30,2409
72,0,0,0,0,0,0,0,0,0,0,0,0,0,0,0,0,0,0,0,0,0,0,0,0,0,0,0,0,0,0,0,0,0,0,0,0,0,0,0,0,0,0,0,0,0,0,0,0,0,0,0,0,0,0,0,0,0,0
70,0,0,0,0,0,0,0,0,0,0,0,0,0,0,0,0,0,0,0,0,0,0,0,0,0,0,0,0,0,0,0,0,0,0,0,0,0,0,0,0,0,0,0,0,0,0,0,0,0,0,0,0,0,0,0,0,0,0
44,7,-6,-1,0,-103,-47,-71,372,-10,0,-960,0,-145,0,-4,-3,-3,1,-16,-5,-10,-604,-39,-38,0,-11,-16,-1,0,-10,5,-193,2,-17,-120,77,-19,-42,182,-21,-21,-16,26,0,0,356501,-78,1,-31,-108,2,-189,-10,-72,-4,1,-10,345
45,-12,-50,22,0,-58,195,-36,520,37,78,568,0,-811,0,59,-44,358,248,95,95,128,322,658,92,0,394,80,38,0,7,15,-102,12,27,115,1083,26,-13,2799,933,-39,3,1278,0,0,78,1314498,9,3,-76,9,323,45,-40,158,357,7,215
46,-12,-19,-34,0,-195,47,-286,2,-9,-1,-38,0,-60,0,56,-211,20,-31,-67,7,-8,-13,-10,4,0,-32,-155,-49,0,-23,-36,-73,8,-79,-8,2,-56,-117,31,-1,-60,-64,-16,0,0,-1,-9,258487,-48,-119,-64,-42,-3,-121,-71,-1,-44,81
47,90,484,535,0,-14,869,-36,83,-16,12,186,0,-412,0,159,-9,1127,690,95,877,403,140,300,46,0,1089,66,208,0,-106,2,201,37,65,63,342,52,-21,1044,1019,183,-43,621,0,0,31,-3,48,1904635,490,-11,742,49,-83,333,243,7,1845
48,49,36,217,0,-717,3354,-1864,354,-4,107,750,0,-1378,0,585,-56,1924,522,602,-130,2988,223,541,107,0,640,354,353,0,332,27,-171,100,343,29,865,277,-519,2119,890,1617,-462,1116,0,0,108,76,119,-490,6230170,1,437,43,-581,411,113,160,5088
49,13,-14,-4,0,-162,1851,47,47,-4,18,-8,0,13,0,-7,316,120,36,23,-19,40,-9,43,8,0,37,81,-31,0,20,118,-26,36,18,-43,46,29,-306,159,57,-29,-208,154,0,0,-2,-9,64,11,-1,607502,25,22,-104,19,15,198,586
51,66,-107,-22,0,-369,227,-490,584,1256,155,-2631,0,-1210,0,46,-25,252,-43,5,-70,73,266,1891,12,0,-32,-26,-95,0,-119,9,-2891,21,0,69,1951,6,-135,4057,372,-58,-210,2043,0,0,189,-323,42,-742,-437,-25,2384997,131,-326,58,312,16,3180
50,-15,-24,-9,0,-60,-95,-83,279,-12,13,-251,0,-45,0,-2,-1,-1,-10,-12,-11,-3,-27,26,-50,0,14,-8,-8,0,2,-18,-198,2,11,-236,176,-15,-7,370,4,-13,-65,91,0,0,10,-45,3,-49,-43,-22,-131,218079,-42,24,8,-15,128
53,600,51,32,0,-850,5411,368,225,51,18,314,0,-13,0,88,-80,629,120,207,49,105,139,295,55,0,551,287,8,0,-26,236,87,33,92,85,297,188,-234,720,414,62,881,420,0,0,72,40,121,83,581,104,326,42,1939788,234,4,69,1899
55,-8,-77,-165,0,-1101,-393,-719,56,-53,4,-1423,0,-377,0,125,-21,2480,23,-23,-154,-14,-113,28,12,0,456,-679,-246,0,-100,-44,-265,103,44,-18,47,-79,-379,29,11,-15,-239,101,0,0,4,-158,71,-333,-411,-19,-58,-24,-234,1933788,-17,5,868
54,12,-52,-31,0,-62,22,-26,30,34,9,-479,0,-145,0,1,-15,13,-99,7,-178,-37,-25,565,1,0,-14,-21,-43,0,-1,-14,-871,3,-5,-4,56,-13,-18,55,-560,-25,-1,85,0,0,-1,-357,1,-243,-113,-15,-312,-8,-4,17,588496,-11,326
56,-22,-21,-33,0,-175,47,-322,6,-5,-2,-49,0,-15,0,-42,-111,15,26,-24,-18,-26,3,10,1,0,-5,-21,-38,0,28,-68,-7,-11,-1,13,26,-16,-173,27,-6,-60,-89,30,0,0,10,-7,44,-7,-160,-198,-16,15,-69,-5,11,166575,31
57,0,0,0,0,0,0,0,0,0,0,0,0,0,0,0,0,0,0,0,0,0,0,0,0,0,0,0,0,0,0,0,0,0,0,0,0,0,0,0,0,0,0,0,0,0,0,0,0,0,0,0,0,0,0,0,0,0,0
