State,2,1,5,60,4,6,8,9,11,10,12,64,13,66,19,16,17,18,20,21,22,25,24,23,68,26,27,29,69,28,30,37,38,31,33,34,35,32,36,39,40,41,42,72,70,44,45,46,47,48,49,51,50,53,55,54,56,57
2,237393,33,-55,0,-230,146,-135,23,-4,6,-62,0,-150,0,5,-127,79,43,-45,19,-36,-7,-12,26,0,202,70,27,0,0,44,-3,-13,-6,17,28,-51,-110,38,64,34,-284,24,0,0,-2,2,-33,6,-65,-47,66,8,-615,120,-20,-16,182
1,-33,1612276,-26,0,27,260,-5,61,-11,16,2136,0,507,0,23,3,285,184,-44,50,-125,38,84,16,0,685,54,120,0,384,-13,-94,15,-3,17,132,12,35,312,280,67,8,187,0,0,19,-180,7,11,-456,6,154,7,61,90,14,-2,974
5,55,26,953152,0,161,990,-66,48,-22,14,468,0,31,0,22,-14,299,132,27,-26,-8,30,37,26,0,304,66,198,0,113,-27,82,17,-19,11,42,39,71,34,113,-174,31,40,0,0,13,-16,1,104,-696,23,61,-11,-38,111,12,15,492
60,0,0,0,0,0,0,0,0,0,0,0,0,0,0,0,0,0,0,0,0,0,0,0,0,0,0,0,0,0,0,0,0,0,0,0,0,0,0,0,0,0,0,0,0,0,0,0,0,0,0,0,0,0,0,0,0,0,0
4,230,-27,-161,0,2011135,6281,-518,347,-28,58,907,0,173,0,127,-287,1774,530,71,-16,29,361,286,53,0,2933,761,300,0,71,-50,-260,82,213,141,736,293,365,1194,1349,-58,-211,731,0,0,58,-52,-16,33,-1118,-268,73,32,288,719,5,15,1658
6,-146,-260,-990,0,-6281,12434953,-3149,751,8,145,1898,0,-836,0,-147,-2239,1903,144,-182,-277,-493,1984,694,133,0,2782,648,-156,0,-185,-599,-1628,-24,-159,227,1753,-1158,-5695,1822,1337,-1040,-6175,1550,0,0,199,-428,-167,-930,-11905,-2825,318,174,-4973,591,11,-309,14699
8,135,5,66,0,518,3149,1716995,202,-2,29,1184,0,337,0,396,-44,1064,331,388,83,90,293,292,122,0,1437,665,361,0,-70,-7,137,112,402,156,363,293,112,514,880,111,-353,592,0,0,54,31,94,131,574,-117,468,148,-270,545,38,285,1199
9,-23,-61,-48,0,-347,-751,-202,1345270,-117,-11,-2100,0,-463,0,-103,-19,49,-3,6,-53,-34,-724,-90,-265,0,611,10,-12,0,-37,-30,-1133,8,16,-153,-20,-78,-153,1489,1,-41,-71,-319,0,0,120,-530,0,-137,-563,-32,-421,-129,-247,-29,-27,-32,1204
11,4,11,22,0,28,-8,2,117,208523,-1,137,0,1,0,46,12,64,91,31,41,2,234,-1655,14,0,181,81,100,0,5,16,56,-3,20,39,222,2,-4,-190,228,27,-8,296,0,0,43,24,4,44,51,23,336,25,2,92,-4,-2,935
10,-6,-16,-14,0,-58,-145,-29,11,1,327251,-239,0,-98,0,-17,-9,12,-29,5,-27,-15,0,729,-12,0,30,10,-6,0,-4,-14,-204,0,6,7,891,15,-32,353,34,21,-26,944,0,0,8,-98,-6,-17,-118,-1,-48,-2,-5,3,-20,2,187
12,62,-2136,-468,0,-907,-1898,-1184,2100,-137,239,6746979,0,-9475,0,-2,-76,724,540,-75,-605,-752,2231,1242,373,0,4806,404,131,0,-499,-120,-7518,-30,75,628,5658,-180,-615,8704,2866,-426,-353,2702,0,0,779,-3107,-16,-4788,-6594,-246,-307,166,-813,642,-218,-129,5054
64,0,0,0,0,0,0,0,0,0,0,0,0,0,0,0,0,0,0,0,0,0,0,0,0,0,0,0,0,0,0,0,0,0,0,0,0,0,0,0,0,0,0,0,0,0,0,0,0,0,0,0,0,0,0,0,0,0,0
13,150,-507,-31,0,-173,836,-337,463,-1,98,9475,0,3141948,0,24,-33,620,391,-89,25,-739,491,921,57,0,2150,104,279,0,158,-85,-304,4,20,70,1860,31,-137,3719,1353,11,-133,937,0,0,165,-608,-21,-100,-1644,-80,836,62,-382,340,-10,-33,17327
66,0,0,0,0,0,0,0,0,0,0,0,0,0,0,0,0,0,0,0,0,0,0,0,0,0,0,0,0,0,0,0,0,0,0,0,0,0,0,0,0,0,0,0,0,0,0,0,0,0,0,0,0,0,0,0,0,0,0
19,-5,-23,-22,0,-127,147,-396,103,-46,17,2,0,-24,0,1141025,-1,947,42,-67,-33,4,39,22,10,0,246,-122,-175,0,-2,-31,3,48,-177,12,120,22,-32,0,64,-14,-102,43,0,0,-1,-88,-281,-3,-328,-10,53,10,-10,56,13,-7,1563
16,127,-3,14,0,287,2239,44,19,-12,9,76,0,33,0,1,505181,34,23,33,40,26,0,44,6,0,109,-98,12,0,10,70,20,21,12,12,5,42,359,8,35,-17,122,49,0,0,4,-37,30,6,-118,-267,17,8,-46,40,-5,66,323
17,-79,-285,-299,0,-1774,-1903,-1064,-49,-64,-12,-724,0,-620,0,-947,-34,4794976,-1980,7,-380,-105,98,46,13,0,2641,1,-812,0,-260,-101,-620,27,108,5,-92,-149,-605,-423,1215,-136,-422,140,0,0,6,-375,-4,-640,-2782,-89,-84,17,-611,-1315,17,-74,5775
18,-43,-184,-132,0,-530,-144,-331,3,-91,29,-540,0,-391,0,-42,-23,1980,2419663,-27,-386,-140,-81,53,25,0,1255,-58,-131,0,-62,-17,-596,-14,48,-12,35,-28,-114,-59,651,-79,-163,36,0,0,15,-450,-44,-668,-1210,-29,-73,-5,-268,-61,-45,-25,1859
20,45,44,-27,0,-71,182,-388,-6,-31,-5,75,0,89,0,67,-33,-7,27,1018723,139,22,-5,53,-13,0,287,-63,-51,0,29,-33,-85,37,144,-13,23,-51,-2,5,87,-465,-129,48,0,0,3,-24,31,-8,-1281,-44,-9,8,-234,115,-1,-36,1100
21,-19,-50,26,0,16,277,-83,53,-41,27,605,0,-25,0,33,-40,380,386,-139,1486009,-43,44,72,40,0,866,15,19,0,42,-20,-134,14,40,39,81,9,53,182,1609,7,-51,181,0,0,-11,-119,-1,-669,-256,5,124,18,-146,90,100,-22,866
22,36,125,8,0,-29,493,-90,34,-2,15,752,0,739,0,-4,-26,105,140,-22,43,1461744,92,100,37,0,380,57,103,0,333,-5,-10,-13,66,10,35,28,35,220,190,55,-20,78,0,0,16,42,3,49,-188,-29,54,18,-32,73,7,-15,881
25,7,-38,-30,0,-361,-1984,-293,724,-234,0,-2231,0,-491,0,-39,0,-98,81,5,-44,-92,2498625,-59,-243,0,427,137,57,0,-24,-38,-1510,1,0,-1128,530,-47,-136,-461,410,13,-221,338,0,0,805,-527,-9,-116,-809,-18,-285,156,-212,71,14,-55,4308
24,12,-84,-37,0,-286,-694,-292,90,1655,-729,-1242,0,-921,0,-22,-44,-46,-53,-53,-72,-100,59,2129538,8,0,685,128,8,0,-54,-21,-2513,13,50,2,739,-30,-214,657,404,20,-147,-1668,0,0,93,-980,-29,-204,-935,-89,-2289,-8,-170,22,-906,-34,2139
23,-26,-16,-26,0,-53,-133,-122,265,-14,12,-373,0,-57,0,-10,-6,-13,-25,13,-40,-37,243,-8,514201,0,18,-4,-15,0,-10,-28,-181,4,-7,145,161,-19,-22,48,12,-16,-30,33,0,0,29,-112,-3,-11,-200,-23,-110,52,-91,-16,-10,-28,170
68,0,0,0,0,0,0,0,0,0,0,0,0,0,0,0,0,0,0,0,0,0,0,0,0,0,0,0,0,0,0,0,0,0,0,0,0,0,0,0,0,0,0,0,0,0,0,0,0,0,0,0,0,0,0,0,0,0,0
26,-202,-685,-304,0,-2933,-2782,-1437,-611,-181,-30,-4806,0,-2150,0,-246,-109,-2641,-1255,-287,-866,-380,-427,-685,-18,0,3762468,-568,-691,0,-347,-218,-2545,-19,-102,-48,-245,-225,-1333,-1117,-1261,-344,-457,-581,0,0,-46,-1236,-70,-1941,-3522,-234,-993,-12,-1031,-920,-121,-557,6594
27,-70,-54,-66,0,-761,-648,-665,-10,-81,-10,-404,0,-104,0,122,98,-1,58,63,-15,-57,-137,-128,4,0,568,2060441,-12,0,-18,-125,-158,-134,-24,-3,-31,-80,-181,-261,97,-32,-219,57,0,0,13,-80,-256,-11,-777,-48,-92,-14,-460,792,12,-63,1304
29,-27,-120,-198,0,-300,156,-361,12,-100,6,-131,0,-279,0,175,-12,812,131,51,-19,-103,-57,-8,15,0,691,12,2202929,0,10,13,-156,8,66,19,-15,21,21,-197,208,-84,-46,69,0,0,3,-133,5,-42,-1318,-18,-118,17,-224,207,-2,-28,1463
69,0,0,0,0,0,0,0,0,0,0,0,0,0,0,0,0,0,0,0,0,0,0,0,0,0,0,0,0,0,0,0,0,0,0,0,0,0,0,0,0,0,0,0,0,0,0,0,0,0,0,0,0,0,0,0,0,0,0
28,0,-384,-113,0,-71,185,70,37,-5,4,499,0,-158,0,2,-10,260,62,-29,-42,-333,24,54,10,0,347,18,-10,0,966821,-6,-92,9,-23,25,19,-12,33,81,159,-94,21,45,0,0,19,-14,10,614,-853,-18,20,-3,-33,88,4,-23,578
30,-44,13,27,0,50,599,7,30,-16,14,120,0,85,0,31,-70,101,17,33,20,5,38,21,28,0,218,125,-13,0,6,361578,78,-15,2,9,56,20,91,54,70,-27,-35,103,0,0,-2,-38,-11,28,-29,-18,-16,16,126,51,-1,-25,150
37,3,94,-82,0,260,1628,-137,1133,-56,204,7518,0,304,0,-3,-20,620,596,85,134,10,1510,2513,181,0,2545,158,156,0,92,-78,3175506,29,71,432,3804,85,100,7221,2546,26,-36,2743,0,0,299,-2013,-13,-235,-205,44,3564,208,-233,358,222,-3,2638
38,13,-15,-17,0,-82,24,-112,-8,3,0,30,0,-4,0,-48,-21,-27,14,-37,-14,13,-1,-13,-4,0,19,134,-8,0,-9,15,-29,254561,-13,-18,-8,-12,-20,-39,-6,-19,-35,7,0,0,1,-24,111,-21,-84,-9,-43,-1,7,40,-14,0,275
31,6,3,19,0,-213,159,-402,-16,-20,-6,-75,0,-20,0,177,-12,-108,-48,-144,-40,-66,0,-50,7,0,102,24,-66,0,23,-2,-71,13,673827,10,-7,-15,-33,-53,22,-58,-69,15,0,0,16,-45,-167,23,-519,-25,-58,11,-155,41,1,-140,378
33,-17,-17,-11,0,-141,-227,-156,153,-39,-7,-628,0,-70,0,-12,-12,-5,12,13,-39,-10,1128,-2,-145,0,48,3,-19,0,-25,-9,-432,18,-10,520734,79,-33,-34,-35,-9,-13,-49,-9,0,0,33,-188,-17,-88,-175,-33,-114,49,-73,5,-14,-28,283
34,-28,-132,-42,0,-736,-1753,-363,20,-222,-891,-5658,0,-1860,0,-120,-5,92,-35,-23,-81,-35,-530,-739,-161,0,245,31,15,0,-19,-56,-3804,8,7,-79,3323358,-144,-431,6072,-76,-18,-146,-4058,0,0,70,-1817,-18,-359,-1634,-102,-1320,-139,-208,-40,-151,-25,2287
35,51,-12,-39,0,-293,1158,-293,78,-2,-15,180,0,-31,0,-22,-42,149,28,51,-9,-28,47,30,19,0,225,80,-21,0,12,-20,-85,12,15,33,144,696154,59,85,67,-177,-85,42,0,0,22,-125,-10,-5,-886,-130,-40,29,-72,99,-3,13,323
32,110,-35,-71,0,-365,5695,-112,153,4,32,615,0,137,0,32,-359,605,114,2,-53,-35,136,214,22,0,1333,181,-21,0,-33,-91,-100,20,33,34,431,-59,922070,756,571,-75,-360,224,0,0,44,-79,-33,-71,-745,-601,185,15,-430,89,13,-102,768
36,-38,-312,-34,0,-1194,-1822,-514,-1489,190,-353,-8704,0,-3719,0,0,-8,423,59,-5,-182,-220,461,-657,-48,0,1117,261,197,0,-81,-54,-7221,39,53,35,-6072,-85,-756,7156671,611,69,-304,-2110,0,0,161,-2325,-53,-575,-1977,64,-1981,-17,-325,181,-37,-22,11085
39,-64,-280,-113,0,-1349,-1337,-880,-1,-228,-34,-2866,0,-1353,0,-64,-35,-1215,-651,-87,-1609,-190,-410,-404,-12,0,1261,-97,-208,0,-159,-70,-2546,6,-22,9,76,-67,-571,-611,4492815,-100,-297,-31,0,0,30,-1470,-46,-1075,-2255,-69,-854,-6,-583,-61,-108,-104,2701
40,-34,-67,174,0,58,1040,-111,41,-27,-21,426,0,-11,0,14,17,136,79,465,-7,-55,-13,-20,16,0,344,32,84,0,94,27,-26,19,58,13,18,177,75,-69,100,1206703,-21,59,0,0,2,-14,20,69,-1033,51,4,4,-264,69,21,14,975
41,284,-8,-31,0,211,6175,353,71,8,26,353,0,133,0,102,-122,422,163,129,51,20,221,147,30,0,457,219,46,0,-21,35,36,35,69,49,146,85,360,304,297,21,1323866,145,0,0,51,0,40,43,-175,83,138,84,-1360,163,-2,14,458
42,-24,-187,-40,0,-731,-1550,-592,319,-296,-944,-2702,0,-937,0,-43,-49,-140,-36,-48,-181,-78,-338,1668,-33,0,581,-57,-69,0,-45,-103,-2743,-7,-15,9,4058,-42,-224,2110,31,-59,-145,4933016,0,0,105,-1294,-56,-485,-1278,-51,-1518,19,-370,-32,-2,-86,3319
72,0,0,0,0,0,0,0,0,0,0,0,0,0,0,0,0,0,0,0,0,0,0,0,0,0,0,0,0,0,0,0,0,0,0,0,0,0,0,0,0,0,0,0,0,0,0,0,0,0,0,0,0,0,0,0,0,0,0
70,0,0,0,0,0,0,0,0,0,0,0,0,0,0,0,0,0,0,0,0,0,0,0,0,0,0,0,0,0,0,0,0,0,0,0,0,0,0,0,0,0,0,0,0,0,0,0,0,0,0,0,0,0,0,0,0,0,0
44,2,-19,-13,0,-58,-199,-54,-120,-43,-8,-779,0,-165,0,1,-4,-6,-15,-3,11,-16,-805,-93,-29,0,46,-13,-3,0,-19,2,-299,-1,-16,-33,-70,-22,-44,-161,-30,-2,-51,-105,0,0,412121,-155,-8,-17,-171,4,-104,2,-22,-14,-4,-2,386
45,-2,180,16,0,52,428,-31,530,-24,98,3107,0,608,0,88,37,375,450,24,119,-42,527,980,112,0,1236,80,133,0,14,38,2013,24,45,188,1817,125,79,2325,1470,14,0,1294,0,0,155,1545082,14,55,-357,11,871,71,-33,184,178,6,855
46,33,-7,-1,0,16,167,-94,0,-4,6,16,0,21,0,281,-30,4,44,-31,1,-3,9,29,3,0,70,256,-5,0,-10,11,13,-111,167,17,18,10,33,53,46,-20,-40,56,0,0,8,-14,303656,-13,-64,9,19,4,-42,45,7,-155,204
47,-6,-11,-104,0,-33,930,-131,137,-44,17,4788,0,100,0,3,-6,640,668,8,669,-49,116,204,11,0,1941,11,42,0,-614,-28,235,21,-23,88,359,5,71,575,1075,-69,-43,485,0,0,17,-55,13,2197057,-947,-59,598,66,-204,362,83,3,1004
48,65,456,696,0,1118,11905,-574,563,-51,118,6594,0,1644,0,328,118,2782,1210,1281,256,188,809,935,200,0,3522,777,1318,0,853,29,205,84,519,175,1634,886,745,1977,2255,1033,175,1278,0,0,171,357,64,947,7850255,292,1516,73,-28,974,190,81,9864
49,47,-6,-23,0,268,2825,117,32,-23,1,246,0,80,0,10,267,89,29,44,-5,29,18,89,23,0,234,48,18,0,18,18,-44,9,25,33,102,130,601,-64,69,-51,-83,51,0,0,-4,-11,-9,59,-292,831553,-25,38,74,53,3,-29,924
51,-66,-154,-61,0,-73,-318,-468,421,-336,48,307,0,-836,0,-53,-17,84,73,9,-124,-54,285,2289,110,0,993,92,118,0,-20,16,-3564,43,58,114,1320,40,-185,1981,854,-4,-138,1518,0,0,104,-871,-19,-598,-1516,25,2861228,86,-353,90,-320,-24,4186
50,-8,-7,11,0,-32,-174,-148,129,-25,2,-166,0,-62,0,-10,-8,-17,5,-8,-18,-18,-156,8,-52,0,12,14,-17,0,3,-16,-208,1,-11,-49,139,-29,-15,17,6,-4,-84,-19,0,0,-2,-71,-4,-66,-73,-38,-86,257123,-38,0,4,-24,69
53,615,-61,38,0,-288,4973,270,247,-2,5,813,0,382,0,10,46,611,268,234,146,32,212,170,91,0,1031,460,224,0,33,-126,233,-7,155,73,208,72,430,325,583,264,1360,370,0,0,22,33,42,204,28,-74,353,38,2380874,308,5,42,2327
55,-120,-90,-111,0,-719,-591,-545,29,-92,-3,-642,0,-340,0,-56,-40,1315,61,-115,-90,-73,-71,-22,16,0,920,-792,-207,0,-88,-51,-358,-40,-41,-5,40,-99,-89,-181,61,-69,-163,32,0,0,14,-184,-45,-362,-974,-53,-90,0,-308,2262878,-2,-85,750
54,20,-14,-12,0,-5,-11,-38,27,4,20,218,0,10,0,-13,5,-17,45,1,-100,-7,-14,906,10,0,121,-12,2,0,-4,1,-222,14,-1,14,151,3,-13,37,108,-21,2,2,0,0,4,-178,-7,-83,-190,-3,320,-4,-5,2,641858,2,209
56,16,2,-15,0,-15,309,-285,32,2,-2,129,0,33,0,7,-66,74,25,36,22,15,55,34,28,0,557,63,28,0,23,25,3,0,140,28,25,-13,102,22,104,-14,-14,86,0,0,2,-6,155,-3,-81,29,24,24,-42,85,-2,197498,109
57,0,0,0,0,0,0,0,0,0,0,0,0,0,0,0,0,0,0,0,0,0,0,0,0,0,0,0,0,0,0,0,0,0,0,0,0,0,0,0,0,0,0,0,0,0,0,0,0,0,0,0,0,0,0,0,0,0,0
