State,2,1,5,60,4,6,8,9,11,10,12,64,13,66,19,16,17,18,20,21,22,25,24,23,68,26,27,29,69,28,30,37,38,31,33,34,35,32,36,39,40,41,42,72,70,44,45,46,47,48,49,51,50,53,55,54,56,57
2,200079,-52,-30,0,-247,40,-68,27,-5,-4,-66,0,11,0,-21,31,27,9,-61,45,48,4,-31,30,0,11,-26,-35,0,28,0,-5,11,-1,1,8,-7,-151,14,9,-29,-278,65,0,0,-8,4,-16,-22,-44,-34,-123,1,-502,15,0,62,258
1,52,1478696,25,0,-41,185,-130,25,-36,19,-85,0,-1639,0,-12,-18,320,62,-33,-84,61,7,-46,-9,0,108,-42,30,0,152,-20,-352,15,5,2,85,64,-48,306,70,61,-10,72,0,0,-1,-154,4,-508,-347,6,-132,3,-39,14,-15,-2,588
5,30,-25,852297,0,-28,579,-26,36,-24,-7,-197,0,-358,0,105,-4,394,45,92,-84,3,-12,-27,-8,0,91,-8,-172,0,-28,-14,-153,11,31,-1,24,37,-83,-8,41,105,-8,22,0,0,1,-75,20,-293,-539,41,-67,1,15,94,-8,17,496
60,0,0,0,0,0,0,0,0,0,0,0,0,0,0,0,0,0,0,0,0,0,0,0,0,0,0,0,0,0,0,0,0,0,0,0,0,0,0,0,0,0,0,0,0,0,0,0,0,0,0,0,0,0,0,0,0,0,0
4,247,41,28,0,1531707,3990,286,298,3,37,604,0,90,0,461,84,3022,775,365,36,121,398,253,90,0,1384,874,348,0,76,250,106,175,533,132,815,1060,-427,1654,1178,88,393,1021,0,0,31,9,193,104,670,616,172,57,1535,938,55,258,1681
6,-40,-185,-579,0,-3990,10789034,-2273,638,21,72,706,0,-1173,0,33,-869,2741,282,-240,-107,196,1419,630,75,0,1162,135,-28,0,-31,-133,-720,58,-184,145,1387,224,-8286,2474,1247,-627,-2828,1635,0,0,81,-203,39,-298,-2213,-166,38,94,-1862,326,-14,-33,10151
8,68,130,26,0,-286,2273,1455740,215,-25,7,650,0,258,0,687,55,1700,529,726,102,262,189,287,30,0,843,528,449,0,3,123,167,333,632,66,548,965,-63,1147,705,282,100,840,0,0,28,41,234,287,1964,475,420,109,58,538,48,525,1799
9,-27,-25,-36,0,-298,-638,-215,1251218,-98,-6,-2377,0,-509,0,16,-1,70,-30,-16,-3,-23,-1253,-227,-285,0,90,-4,19,0,2,-38,-632,5,23,-265,224,-29,-72,2292,-10,-35,-66,-107,0,0,-132,-368,7,-77,-319,16,-556,-194,-160,-1,1,-15,813
11,5,36,24,0,-3,-21,25,98,192275,5,39,0,34,0,23,6,178,50,19,43,27,142,-2919,17,0,116,24,73,0,-2,7,80,10,23,25,207,29,6,-109,156,23,29,273,0,0,22,17,10,-1,106,15,-476,23,-27,69,12,-3,1521
10,4,-19,7,0,-37,-72,-7,6,-5,279248,-263,0,-124,0,-11,-1,-13,18,-1,7,-1,9,551,-3,0,23,-7,-19,0,16,-9,-96,11,-4,9,746,-3,-27,346,34,-7,-3,1086,0,0,-3,-42,5,-14,30,-2,-31,-7,8,4,-15,-2,244
12,66,85,197,0,-604,-706,-650,2377,-39,263,5422062,0,-4448,0,377,4,4006,1807,331,427,526,2372,1894,409,0,2439,432,967,0,88,-86,-2731,95,256,595,6461,167,-610,14767,4103,317,44,4131,0,0,600,-1249,45,-786,-356,57,803,260,-173,1119,211,-3,4574
64,0,0,0,0,0,0,0,0,0,0,0,0,0,0,0,0,0,0,0,0,0,0,0,0,0,0,0,0,0,0,0,0,0,0,0,0,0,0,0,0,0,0,0,0,0,0,0,0,0,0,0,0,0,0,0,0,0,0
13,-11,1639,358,0,-90,1173,-258,509,-34,124,4448,0,2608831,0,131,21,1686,713,91,180,963,342,530,47,0,1075,150,276,0,794,9,702,62,131,102,1367,182,-25,3342,1396,238,27,1220,0,0,51,768,38,924,1260,-6,929,31,-64,242,143,8,4990
66,0,0,0,0,0,0,0,0,0,0,0,0,0,0,0,0,0,0,0,0,0,0,0,0,0,0,0,0,0,0,0,0,0,0,0,0,0,0,0,0,0,0,0,0,0,0,0,0,0,0,0,0,0,0,0,0,0,0
19,21,12,-105,0,-461,-33,-687,-16,-23,11,-377,0,-131,0,1048260,19,-201,-59,-245,-39,26,-46,-14,-15,0,-21,-1065,-360,0,-2,4,-143,92,-46,-8,7,-18,-64,-55,-102,-53,-97,7,0,0,-3,-48,-138,-108,-473,-34,-71,-7,-32,-216,11,17,1246
16,-31,18,4,0,-84,869,-55,1,-6,1,-4,0,-21,0,-19,399634,51,8,18,-8,1,6,-3,5,0,7,59,-3,0,11,143,9,52,40,5,24,44,143,17,9,-1,95,28,0,0,-6,-5,19,-15,16,-146,-4,-16,517,26,-13,96,160
17,-27,-320,-394,0,-3022,-2741,-1700,-70,-178,13,-4006,0,-1686,0,201,-51,4390395,-1585,-6,-436,-10,-273,-127,-22,0,506,-617,-1247,0,-321,-77,-971,97,38,-67,-54,-225,-1214,-168,852,-120,-322,289,0,0,29,-340,38,-985,-1633,0,-462,-8,-523,-2327,-3,-20,3658
18,-9,-62,-45,0,-775,-282,-529,30,-50,-18,-1807,0,-713,0,59,-8,1585,2186330,-52,-114,63,-55,-49,2,0,20,-236,-109,0,0,-18,-339,31,12,-19,123,-10,-200,119,658,-7,-121,174,0,0,2,-328,41,-545,-333,11,-122,-16,-131,-246,81,-2,1808
20,61,33,-92,0,-365,240,-726,16,-19,1,-331,0,-91,0,245,-18,6,52,909501,-26,40,-17,-35,-1,0,-29,-72,-591,0,9,23,-128,56,341,-8,13,32,-80,26,-41,-137,-81,31,0,0,-16,-87,101,-83,-938,25,13,2,-159,-70,15,58,997
21,-45,84,84,0,-36,107,-102,3,-43,-7,-427,0,-180,0,39,8,436,114,26,1337917,101,-35,60,8,0,431,-21,42,0,-15,14,-205,11,28,-12,72,14,6,241,1490,89,-12,158,0,0,6,-64,20,-954,-21,34,-1,10,-35,77,173,13,880
22,-48,-61,-3,0,-121,-196,-262,23,-27,1,-526,0,-963,0,-26,-1,10,-63,-40,-101,1435661,-58,-77,-4,0,13,-52,-76,0,-607,5,-155,5,-16,-3,66,-10,-68,99,-50,-62,-9,72,0,0,3,-84,-5,-241,-3518,-35,-162,4,-68,-3,3,0,1066
25,-4,-7,12,0,-398,-1419,-189,1253,-142,-9,-2372,0,-342,0,46,-6,273,55,17,35,58,2344629,56,-299,0,196,97,109,0,4,17,-293,23,28,-2766,795,-12,-121,1971,245,48,-22,739,0,0,-112,-136,23,12,-141,84,-229,46,-83,118,40,-17,4020
24,31,46,27,0,-253,-630,-287,227,2919,-551,-1894,0,-530,0,14,3,127,49,35,-60,77,-56,1889204,-30,0,108,-72,27,0,26,-7,-797,36,21,-11,961,28,-174,1535,102,22,-70,793,0,0,27,-392,5,-268,-189,12,-1903,-5,-179,20,-561,-37,2410
23,-30,9,8,0,-90,-75,-30,285,-17,3,-409,0,-47,0,15,-5,22,-2,1,-8,4,299,30,459333,0,34,12,41,0,-3,-10,-95,-4,8,-76,168,34,-43,221,49,0,-28,134,0,0,28,-79,-1,-15,40,-2,-99,33,28,-11,-5,-6,191
68,0,0,0,0,0,0,0,0,0,0,0,0,0,0,0,0,0,0,0,0,0,0,0,0,0,0,0,0,0,0,0,0,0,0,0,0,0,0,0,0,0,0,0,0,0,0,0,0,0,0,0,0,0,0,0,0,0,0
26,-11,-108,-91,0,-1384,-1162,-843,-90,-116,-23,-2439,0,-1075,0,21,-7,-506,-20,29,-431,-13,-196,-108,-34,0,3514657,-300,-61,0,12,-79,-673,57,70,11,-156,-46,-444,188,1153,2,-203,152,0,0,-11,-406,31,-648,-485,-45,-174,1,-173,-562,4,-23,2805
27,26,42,8,0,-874,-135,-528,4,-24,7,-432,0,-150,0,1065,-59,617,236,72,21,52,-97,72,-12,0,300,1774780,97,0,-1,51,-80,816,246,-19,25,-54,-135,106,129,35,-120,122,0,0,9,-16,293,88,40,77,5,-14,-126,991,-3,39,1658
29,35,-30,172,0,-348,28,-449,-19,-73,19,-967,0,-276,0,360,3,1247,109,591,-42,76,-109,-27,-41,0,61,-97,1952319,0,46,-15,-166,83,333,-35,53,3,-125,10,88,181,-53,106,0,0,4,-123,78,-83,-484,50,-31,-11,-54,118,20,32,1177
69,0,0,0,0,0,0,0,0,0,0,0,0,0,0,0,0,0,0,0,0,0,0,0,0,0,0,0,0,0,0,0,0,0,0,0,0,0,0,0,0,0,0,0,0,0,0,0,0,0,0,0,0,0,0,0,0,0,0
28,-28,-152,28,0,-76,31,-3,-2,2,-16,-88,0,-794,0,2,-11,321,0,-9,15,607,-4,-26,3,0,-12,1,-46,0,905141,-2,-179,12,10,0,6,11,153,77,22,-54,13,47,0,0,-1,-75,6,-18,-415,11,-4,-11,16,38,30,2,372
30,0,20,14,0,-250,133,-123,38,-7,9,86,0,-9,0,-4,-143,77,18,-23,-14,-5,-17,7,10,0,79,-51,15,0,2,306029,-6,-20,-7,21,14,-34,-83,-17,94,-37,-196,68,0,0,4,-13,4,5,-92,-46,-13,0,-201,-3,10,38,94
37,5,352,153,0,-106,720,-167,632,-80,96,2731,0,-702,0,143,-9,971,339,128,205,155,293,797,95,0,673,80,166,0,179,6,2745606,43,57,142,2048,113,-51,5461,1450,157,27,2590,0,0,52,-329,21,41,415,14,1909,176,67,212,922,22,2108
38,-11,-15,-11,0,-175,-58,-333,-5,-10,-11,-95,0,-62,0,-92,-52,-97,-31,-56,-11,-5,-23,-36,4,0,-57,-816,-83,0,-12,20,-43,233197,-82,-22,-6,-43,-78,3,-44,-29,-53,-15,0,0,1,-46,-66,-19,-125,-35,-60,-13,-74,-123,-16,-76,-17
31,1,-5,-31,0,-533,184,-632,-23,-23,4,-256,0,-131,0,46,-40,-38,-12,-341,-28,16,-28,-21,-8,0,-70,-246,-333,0,-10,7,-57,82,611242,1,-35,-30,-82,8,-8,-109,-84,27,0,0,2,-32,20,-73,-443,33,-145,8,-21,-32,1,25,522
33,-1,-2,1,0,-132,-145,-66,265,-25,-9,-595,0,-102,0,8,-5,67,19,8,12,3,2766,11,76,0,-11,19,35,0,0,-21,-142,22,-1,456391,186,-25,-48,355,88,2,-11,60,0,0,40,-95,13,-36,-11,8,-145,155,-8,13,-2,16,315
34,-8,-85,-24,0,-815,-1387,-548,-224,-207,-746,-6461,0,-1367,0,-7,-24,54,-123,-13,-72,-66,-795,-961,-168,0,156,-25,-53,0,-6,-14,-2048,6,35,-186,3012344,-21,-498,7830,-152,-23,-104,-1179,0,0,-99,-869,1,-193,-565,-15,-1836,-178,-168,-28,-67,-20,2086
35,7,-64,-37,0,-1060,-224,-965,29,-29,3,-167,0,-182,0,18,-44,225,10,-32,-14,10,12,-28,-34,0,46,54,-3,0,-11,34,-113,43,30,25,21,584236,-457,109,21,-204,-176,58,0,0,-3,-122,3,-49,-1292,2,-78,22,-133,27,-17,13,213
32,151,48,83,0,427,8286,63,72,-6,27,610,0,25,0,64,-143,1214,200,80,-6,68,121,174,43,0,444,135,125,0,-153,83,51,78,82,48,498,457,638873,1072,500,15,147,464,0,0,33,24,47,9,407,412,77,22,330,174,15,2,453
36,-14,-306,8,0,-1654,-2474,-1147,-2292,109,-346,-14767,0,-3342,0,55,-17,168,-119,-26,-241,-99,-1971,-1535,-221,0,-188,-106,-10,0,-77,17,-5461,-3,-8,-355,-7830,-109,-1072,6401342,-397,-43,-111,-1930,0,0,-189,-2110,-16,-471,-1125,-33,-3368,-260,-323,5,-3,-10,7105
39,-9,-70,-41,0,-1178,-1247,-705,10,-156,-34,-4103,0,-1396,0,102,-9,-852,-658,41,-1490,50,-245,-102,-49,0,-1153,-129,-88,0,-22,-94,-1450,44,8,-88,152,-21,-500,397,4355474,-3,-107,859,0,0,-5,-857,5,-678,-918,15,-381,-19,-250,-97,627,-8,3530
40,29,-61,-105,0,-88,627,-282,35,-23,7,-317,0,-238,0,53,1,120,7,137,-89,62,-48,-22,0,0,-2,-35,-181,0,54,37,-157,29,109,-2,23,204,-15,43,3,1085891,-53,-46,0,0,1,-117,-5,-137,-1908,0,-221,22,6,-27,-1,32,979
41,278,10,8,0,-393,2828,-100,66,-29,3,-44,0,-27,0,97,-95,322,121,81,12,9,22,70,28,0,203,120,53,0,-13,196,-27,53,84,11,104,176,-147,111,107,53,1142418,143,0,0,-6,-31,52,-16,64,353,54,17,-945,163,5,81,654
42,-65,-72,-22,0,-1021,-1635,-840,107,-273,-1086,-4131,0,-1220,0,-7,-28,-289,-174,-31,-158,-72,-739,-793,-134,0,-152,-122,-106,0,-47,-68,-2590,15,-27,-60,1179,-58,-464,1930,-859,46,-143,4508385,0,0,-67,-1124,-20,-289,-660,-17,-2025,-100,-201,-145,19,-36,3186
72,0,0,0,0,0,0,0,0,0,0,0,0,0,0,0,0,0,0,0,0,0,0,0,0,0,0,0,0,0,0,0,0,0,0,0,0,0,0,0,0,0,0,0,0,0,0,0,0,0,0,0,0,0,0,0,0,0,0
70,0,0,0,0,0,0,0,0,0,0,0,0,0,0,0,0,0,0,0,0,0,0,0,0,0,0,0,0,0,0,0,0,0,0,0,0,0,0,0,0,0,0,0,0,0,0,0,0,0,0,0,0,0,0,0,0,0,0
44,8,1,-1,0,-31,-81,-28,132,-22,3,-600,0,-51,0,3,6,-29,-2,16,-6,-3,112,-27,-28,0,11,-9,-4,0,1,-4,-52,-1,-2,-40,99,3,-33,189,5,-1,6,67,0,0,366916,-29,11,-17,-61,0,-81,-15,-2,6,0,6,397
45,-4,154,75,0,-9,203,-41,368,-17,42,1249,0,-768,0,48,5,340,328,87,64,84,136,392,79,0,406,16,123,0,75,13,329,46,32,95,869,122,-24,2110,857,117,31,1124,0,0,29,1363076,27,107,105,3,246,50,6,139,317,7,642
46,16,-4,-20,0,-193,-39,-234,-7,-10,-5,-45,0,-38,0,138,-19,-38,-41,-101,-20,5,-23,-5,1,0,-31,-293,-78,0,-6,-4,-21,66,-20,-13,-1,-3,-47,16,-5,5,-52,20,0,0,-11,-27,263625,-16,-93,-15,-21,-7,-9,-83,1,12,144
47,22,508,293,0,-104,298,-287,77,1,14,786,0,-924,0,108,15,985,545,83,954,241,-12,268,15,0,648,-88,83,0,18,-5,-41,19,73,36,193,49,-9,471,678,137,16,289,0,0,17,-107,16,1965875,219,-2,847,22,91,191,153,36,1349
48,44,347,539,0,-670,2213,-1964,319,-106,-30,356,0,-1260,0,473,-16,1633,333,938,21,3518,141,189,-40,0,485,-40,484,0,415,92,-415,125,443,11,565,1292,-407,1125,918,1908,-64,660,0,0,61,-105,93,-219,6557001,201,-30,-17,96,266,103,142,6524
49,34,-6,-41,0,-616,166,-475,-16,-15,2,-57,0,6,0,34,146,0,-11,-25,-34,35,-84,-12,2,0,45,-77,-50,0,-11,46,-14,35,-33,-8,15,-2,-412,33,-15,0,-353,17,0,0,0,-3,15,2,-201,647359,-142,16,-241,-27,-1,137,570
51,123,132,67,0,-172,-38,-420,556,476,31,-803,0,-929,0,71,4,462,122,-13,1,162,229,1903,99,0,174,-5,31,0,4,13,-1909,60,145,145,1836,78,-77,3368,381,221,-54,2025,0,0,81,-246,21,-847,30,142,2451060,89,-111,101,324,42,4380
50,-1,-3,-1,0,-57,-94,-109,194,-23,7,-260,0,-31,0,7,16,8,16,-2,-10,-4,-46,5,-33,0,-1,14,11,0,11,0,-176,13,-8,-155,178,-22,-22,260,19,-22,-17,100,0,0,15,-50,7,-22,17,-16,-89,223716,-11,1,2,1,197
53,502,39,-15,0,-1535,1862,-58,160,27,-8,173,0,64,0,32,-517,523,131,159,35,68,83,179,-28,0,173,126,54,0,-16,201,-67,74,21,8,168,133,-330,323,250,-6,945,201,0,0,2,-6,9,-91,-96,241,111,11,2032142,90,9,82,1661
55,-15,-14,-94,0,-938,-326,-538,1,-69,-4,-1119,0,-242,0,216,-26,2327,246,70,-77,3,-118,-20,11,0,562,-991,-118,0,-38,3,-212,123,32,-13,28,-27,-174,-5,97,27,-163,145,0,0,-6,-139,83,-191,-266,27,-101,-1,-90,1996201,5,32,1022
54,0,15,8,0,-55,14,-48,-1,-12,15,-211,0,-143,0,-11,13,3,-81,-15,-173,-3,-40,561,5,0,-4,3,-20,0,-30,-10,-922,16,-1,2,67,17,-15,3,-627,1,-5,-19,0,0,0,-317,-1,-153,-103,1,-324,-2,-9,-5,598169,5,232
56,-62,2,-17,0,-258,33,-525,15,3,2,3,0,-8,0,-17,-96,20,2,-58,-13,0,17,37,6,0,23,-39,-32,0,-2,-38,-22,76,-25,-16,20,-13,-2,10,8,-32,-81,36,0,0,-6,-7,-12,-36,-142,-137,-42,-1,-82,-32,-5,170300,7
57,0,0,0,0,0,0,0,0,0,0,0,0,0,0,0,0,0,0,0,0,0,0,0,0,0,0,0,0,0,0,0,0,0,0,0,0,0,0,0,0,0,0,0,0,0,0,0,0,0,0,0,0,0,0,0,0,0,0
